67710
1090781
819036
1904377
1206499
1316209
1771814
2054590
1206499
196339
1502893
810218
1080178
657968
196339
331535
885004
1771814
1206499
196339
1502893
810218
1080178
657968
196339
1316209
1904377
42702
810218
166812
1771814
42702
1771814
2054590
1080178
1090781
1080178
1904377
657968
2054590
1316209
1530246
1904377
1080178
1370775
1316209
1530246
362828
1530246
1904377
885004
1395976
1771814
1080178
819036
1316209
333709
1814823
514977
1316209
67710
1771735
1904377
166812
1080178
1316209
1879036
1502893
1316209
1080178
196339
1090781
2054590
1080178
657968
196339
317814
317814
1622860
799229
1622860
799229
117032
1370775
1904377
819036
1316209
1080178
1904377
42702
1771814
1316209
514977
1316209
1771735
819036
1771814
885004
1316209
1771814
362828
1090781
1206499
1080178
1316209
1532388
1176883
910801
1316209
910801
166812
1395976
657968
196339
1904377
1080178
1370775
42702
1316209
1080178
657968
1316209
819036
1080178
196339
1771814
2054590
1395976
1080178
1370775
1771814
2054590
1316209
1771814
2054590
1206499
196339
1502893
810218
1080178
1904377
657968
2054590
667278
1316209
1532388
1176883
910801
1026461
910801
166812
1395976
657968
196339
1904377
1080178
1370775
42702
1316209
1206499
166812
1090781
819036
819036
1316209
1370775
1090781
2054590
885004
166812
1771814
819036
1316209
1771814
2054590
1206499
196339
1502893
810218
1080178
1904377
657968
2054590
1316209
1090781
2054590
885004
1316209
1771814
2054590
1206499
196339
1502893
810218
1080178
1771814
885004
1316209
1989105
1904377
166812
1771814
819036
1316209
657968
2054590
166812
1502893
1316209
1206499
657968
2054590
819036
1904377
819036
1080178
1316209
2054590
1771735
42702
1879036
1771814
196339
819036
1316209
1090781
2054590
1502893
42702
657968
196339
1771814
667278
1622860
799229
514977
1604103
885004
1316209
1090781
885004
885004
1316209
2020855
939098
1532388
1316209
1090781
819036
1316209
1530246
1771814
166812
166812
1316209
1989105
657968
196339
1316209
1090781
885004
885004
1904377
1080178
1904377
657968
2054590
1090781
166812
1316209
1771814
2054590
1206499
196339
1502893
810218
1080178
1904377
657968
2054590
1316209
819036
1771814
1206499
1771735
196339
1904377
1080178
1502893
667278
1622860
799229
1622860
799229
514977
1316209
1090781
166812
819036
657968
1316209
819036
657968
166812
151940
1771814
885004
1316209
819036
657968
42702
1771814
1316209
42702
1771814
42702
657968
196339
1502893
1316209
166812
1771814
1090781
1285532
1316209
810218
196339
657968
1879036
166812
1771814
42702
819036
667278
667278
1622860
799229
910801
1395976
1090781
1904377
2054590
1316209
810218
196339
657968
1395976
196339
1090781
42702
1316209
1370775
1090781
2054590
885004
166812
1771814
819036
1316209
1771814
151940
1771814
196339
1502893
1316209
1206499
1370775
1090781
196339
1090781
1206499
1080178
1771814
196339
1316209
819036
1771814
810218
1090781
196339
1090781
1080178
1771814
166812
1502893
1316209
1090781
2054590
885004
1316209
1090781
810218
810218
166812
1904377
1771814
819036
1316209
1532388
1176883
910801
667278
1316209
939098
1989105
1316209
1206499
657968
1771735
196339
819036
1771814
1316209
514977
1316209
1206499
657968
1771735
166812
885004
2054590
1604103
1080178
1316209
1053271
1771735
1090781
196339
1090781
2054590
1080178
1771814
1771814
1316209
819036
1771735
1206499
1206499
1771814
819036
1989105
1771735
166812
1316209
1771814
2054590
1206499
196339
1502893
810218
1080178
1904377
657968
2054590
1316209
657968
1989105
1316209
1879036
1904377
1395976
1316209
1989105
1904377
166812
1771814
819036
1316209
166812
1904377
1285532
1771814
1316209
42702
810218
223086
862351
1316209
1097089
1904377
810218
862351
1316209
1904377
819036
657968
1316209
1771814
1080178
1206499
667278
1622860
799229
514977
1080178
1604103
819036
1316209
1530246
1090781
1502893
1316209
1080178
657968
657968
1316209
42702
657968
196339
1771814
1316209
819036
1771735
1904377
1080178
1090781
1879036
166812
1771814
1316209
1771735
819036
1904377
2054590
1395976
1316209
1530246
1904377
1080178
1370775
1316209
1080178
1771814
362828
1080178
1316209
1989105
1904377
166812
1771814
819036
721208
514977
1604103
885004
1316209
196339
1090781
1080178
1370775
1771814
196339
1316209
819036
1090781
1502893
1316209
885004
657968
2054590
1604103
1080178
1316209
1771735
819036
1771814
1316209
1904377
1080178
1316209
1530246
1904377
1080178
1370775
1316209
1090781
2054590
1502893
1080178
1370775
1904377
2054590
1395976
1316209
1879036
1771735
1080178
1316209
1080178
1771814
362828
1080178
1316209
1989105
1904377
166812
1771814
819036
223432
667278
1622860
799229
1622860
799229
910801
1080178
1080178
1771814
2054590
1080178
1904377
657968
2054590
1997025
1316209
1094799
657968
1771735
1316209
42702
1771735
819036
1080178
1316209
1370775
1090781
151940
1771814
1316209
1530246
362828
1530246
1904377
885004
1395976
1771814
1080178
819036
1316209
166812
1904377
1879036
819036
1316209
1080178
657968
1316209
1206499
657968
42702
810218
1904377
166812
1771814
1316209
819036
657968
1771735
196339
1206499
1771814
1316209
1206499
657968
885004
1771814
819036
667278
1316209
514977
1316209
1904377
2054590
1206499
166812
1771735
885004
1771814
885004
1316209
1090781
1316209
1206499
657968
42702
810218
1904377
166812
1771814
885004
1316209
1771814
362828
1771814
1206499
1771735
1080178
1090781
1879036
166812
1771814
1316209
1989105
1904377
166812
1771814
721208
1530246
1904377
2054590
885004
657968
1530246
819036
223432
1316209
1090781
2054590
885004
1316209
1530246
1904377
166812
166812
1316209
1904377
2054590
1206499
166812
1771735
885004
1771814
1316209
1989105
657968
196339
1316209
166812
1904377
2054590
1771735
362828
1316209
1090781
819036
1316209
1530246
1771814
166812
166812
667278
667278
1622860
799229
1622860
799229
